1	10001	3.5952380952380953
1	10002	3.5
1	10003	3.5294117647058822
1	10004	3.6111111111111107
1	10005	3.6500000000000004
1	10006	3.5500000000000003
1	10007	3.875
2	10001	2.851190476190476
2	10002	2.942307692307692
2	10003	2.948529411764706
2	10004	2.798611111111111
2	10005	2.7
2	10006	2.9125
2	10007	2.4375
3	10001	3.5654761904761902
3	10002	3.509615384615385
3	10003	3.49264705882353
3	10004	3.6180555555555554
3	10005	3.7625
3	10006	3.5875
3	10007	3.875
4	10001	4.178571428571429
4	10002	4.115384615384616
4	10003	4.117647058823529
4	10004	4.201388888888889
4	10005	4.25
4	10006	4.125
4	10007	4.4375
5	10001	3.4007936507936507
5	10002	3.269230769230769
5	10003	3.3235294117647065
5	10004	3.467592592592592
5	10005	3.541666666666667
5	10006	3.45
5	10007	3.7291666666666665
